)}0: [39.32116746  3.89853886 22.30525786 13.22446245 17.4603978  13.53594788]
)}1: [38.87170734 13.02386625  9.72792045 23.37045454 12.05735703  3.40755031]
)}2: [12.65236556 16.27436361 14.08789446  9.20340439 39.26099555 19.06768404]
)}3: [40.08563844 10.29333353  9.23105    12.51974829 13.57119375 11.49704326]
)}4: [17.9802787  14.05413103 13.38755176 19.14157901 39.69438186 15.9895358 ]
)}5: [38.51678463 16.36007247  7.2238672  11.02155409 22.48764666 13.47357515]
)}6: [16.10144002 16.70068366  8.2109723  14.7752325  39.56990749 15.31847405]
)}7: [40.04326554 16.79061834 11.71228461 13.24468892  7.81706426  7.00113377]
)}8: [39.34360857 15.66027351 10.66881341 17.63117458 14.03837923 14.89358685]
)}9: [12.5897664  14.68798717 13.12831374  7.13194754 39.63979177 10.6637774 ]
}10: [38.94042648 10.70842848 14.54064227 14.97065633 12.04986555 15.25592679]
}11: [ 9.39277778 16.70055204 22.01398359 16.03463554 39.48367115 15.30195563]
}12: [39.2059048  14.81375553 14.22951437  9.37514713 17.85920581 15.28438892]
}13: [38.46861031 17.00918724 17.31396725 15.88648881 16.57108229 13.99820976]
}14: [38.00622822 11.23201846 19.65648073 15.26753373 21.8351698   9.6849407 ]
}15: [39.4102321  19.31797259 15.02067766 16.43627224 17.77945019 15.84719675]
}16: [40.35853914  6.34838127 15.30403725 15.24244815  2.30340801 18.62816775]
}17: [39.37229175 21.78607119  8.64811613  6.54016956 12.83500328 14.60972129]
}18: [37.99944366 10.29587458 13.29805097 25.2128074  14.97103337 13.71505339]
}19: [11.31545047 11.42179319 12.46303691 18.07451644 17.79843791 38.49406698]
}20: [17.4174055  17.8678209   4.03017316 38.98667465 21.33129758 14.20993045]
}21: [12.48804335 38.94872208 14.50565725  9.42085558  9.68486598 15.49375589]
}22: [16.73316282 18.1477826  12.50033092  0.         39.27591816  4.55583186]
}23: [36.70138365 17.93766466  9.55991359  9.03683406 23.39030421 18.59624912]
}24: [16.56794299 12.04267432 19.2712293  11.30805085 37.78251356 14.82762632]
}25: [17.31443576 13.5687026  10.84563651 37.92729438 16.60665853 18.44907194]
}26: [37.97632632 12.77397786  7.94710648 11.87731136 15.24852312 13.74621223]
}27: [37.90411986 22.56849061  4.11498277 15.12186927 11.11488007  4.75388042]
}28: [15.71903715 21.06451755 13.4230105  16.27836523 39.12860469 17.64277435]
}29: [38.01369049 19.60169503 17.3513725  21.71094228  5.48508226 20.18494511]
}30: [36.8529377  18.59925095 12.34587372 18.70746743 17.5852893  11.47445369]
}31: [37.23302248 18.45450688 11.64542389 16.48330558 16.47808142 11.00377615]
}32: [38.12305257 13.52108458 10.83736657 21.4663591  12.79233383 16.78071531]
}33: [37.57773958 10.22935538 10.26549367 18.29053525 13.69175374  7.7651345 ]
}34: [15.49697421 11.94876312 40.10626782  7.76769754 17.72901448 10.15752127]
}35: [15.79295704  5.29802911 18.16005293  6.56539455 12.08381951 37.01693171]
}36: [10.49608265 10.16595717 17.33856802 10.83288671  7.90642044 38.24420625]
}37: [37.28629495 15.04992852 13.10856911 17.95266609 10.46184347 14.27238332]
}38: [14.93025925  1.97642542 14.54793109 19.73167562 39.50693782 14.28374405]
}39: [37.40193498 15.4908955  23.2010918   3.70277721  7.71596394 10.96989735]
}40: [37.49724909 10.54392594  5.94428234 12.58823455 24.26499173  6.24371572]
}41: [38.48713885 15.0433066  13.06859785 19.90505603  7.81999729 11.74122069]
}42: [37.81830838 15.12992784 15.47062699 17.53514323 10.7512996  12.02066683]
}43: [20.28990391 12.01261432 16.640001   12.50996431 15.31026263 35.78130841]
}44: [36.33536688 11.42413781 17.6237597   9.15367909 19.58618545 13.30433599]
}45: [ 8.78114133 13.81038688 13.50710063 15.69579123 21.4255412  35.51889981]
}46: [37.82061087 14.43899364 17.56072897 15.3265193  11.67759338 18.34009091]
}47: [38.45861489 14.0590746  16.82969233 10.9891525  19.91574281 10.01233435]
}48: [17.29870859 38.83709642 14.58048184 18.47537211 19.54561508 11.03038507]
}49: [12.30011399 15.92103665 39.65047428  8.52092564 13.7773133  13.23909583]
}50: [10.20955974 11.51581357 17.00174748 38.71536924  3.22188442  7.00513596]
}51: [37.34864761 13.05143684 17.58162867 20.3316127  12.1795776  17.85884087]
}52: [13.36425436 14.30969246 21.050536   37.49031235 15.04346983 19.38162044]
}53: [38.10991541 15.22014193 16.80541754 14.0108367  10.178797   17.03598941]
}54: [38.06284749  7.62159592 17.14777296  7.81391752 12.75391651 16.19115393]
}55: [17.43166173 17.91892538 18.40798707  8.8932269  15.07870297 35.83377582]
}56: [38.9075079  17.54276125 13.89549077 12.4051064  15.89234561 10.72801944]
}57: [20.66091141  6.63385265 39.07607756  7.44157233 16.03759798 16.106397  ]
}58: [14.47130345 12.52954835 20.24197651 17.45424151 24.15063013 35.21594087]
}59: [ 5.43224463 14.21372943 10.49321191 17.71780081 40.06275148 15.11156577]
}60: [17.72125129 17.52713098  9.11664391  8.53280585  5.60636428 45.33825491]
}61: [20.97470076 25.19126746 17.34204541 20.90987497 44.47506553 15.29497722]
}62: [43.72931206 24.62182674 13.80244216 21.85120125 13.64917258 22.28783098]
}63: [24.47379084 14.49515003  9.5398209  44.92614597 17.52905282 17.64280299]
}64: [14.87838593 44.7850832  24.16634469 18.06234353 16.75033029 17.66477914]
}65: [22.21961866 22.7342974  11.9631202  13.73690302 45.1753462  21.11804541]
}66: [44.06513241 17.86758625 23.22609205 17.78163101 17.69792472 18.11138661]
}67: [45.01535145 21.91902581 15.29756893 16.92612763 12.4720687  21.82366705]
}68: [46.13851503 18.47016205 13.51736226 12.87338757 13.38541792 10.38092279]
}69: [12.9287531  45.74170734 18.98631043 22.82393765 12.23095743 15.99937766]
}70: [18.66979454 24.10948042 43.24583128 21.64583271 12.88003274 17.12350766]
}71: [45.13688354 22.13400748 14.19968577 10.09527844 17.07960429 13.23476854]
}72: [45.66331362 12.88068767 13.46228702 14.67531418 23.54086829 16.03461985]
}73: [46.10259451  3.51617909 17.03868167 14.92149046  9.10492007 15.79684526]
}74: [22.08880123 11.64707202 17.6962855  16.17186571 46.04706694  5.82677917]
}75: [11.14863778 15.0402089  45.31166819  8.43578862 20.57071382 10.53428901]
}76: [45.29016282 20.42213582 17.06806344  9.99787817 18.72829293  7.30312675]
}77: [ 7.14367562  1.7918482  18.23229693 45.76525031 11.34971981 16.13593737]
}78: [12.16516508 19.2136695  16.26728869  9.76550897 13.69919447 44.52566051]
}79: [18.65304397 45.16942987 16.518916   12.4079558  19.24194115 14.11982835]
}80: [44.09771264 22.3313727  19.22054323 17.15640906 15.42131759 16.34638188]
}81: [15.5968153  24.16063605 46.50391294  3.87641789 16.23938908 15.38318571]
}82: [44.75067404 10.99844959 11.14084164 20.55840617 23.80148937  8.80102269]
}83: [45.21385847 20.20736956  6.22416214 23.33290443 18.23275493 13.77711113]
}84: [43.3291233  27.16721868 16.20410245 20.29110841 21.02801119  8.94966716]
}85: [16.44327493 16.70103843 12.19111931 44.53488692 16.35659093 13.85891782]
}86: [45.22575847  7.27286944 11.78253462 24.37181706  3.6063378  20.84416949]
}87: [45.83946082 15.22972935 12.94310626 10.05092687 22.51006765 14.50573854]
}88: [12.83161975 16.4620802  16.56311736 18.36708984 45.51800404 18.37030885]
}89: [18.77202756 16.19511764 45.9476907  18.47192153 19.17238451  5.39716911]
}90: [29.87146675 20.1196336  17.07713039  8.32098916 44.78181171 15.66011117]
}91: [ 7.62330542  8.97819813 22.25258554 19.04852868 18.84481482 44.04894567]
}92: [17.19267649 11.63322369 46.77082074  6.93054837  5.27730078 15.77090819]
}93: [42.95527616 15.46057516 22.71238962 21.42072993 12.07508101 15.59810205]
}94: [14.96970231 44.02100248 21.46222338 18.89151454 24.25031199 18.91797241]
}95: [47.28536758  4.26362797 10.21570579 11.19040569 14.56017351  7.15098943]
}96: [10.31915957  7.66007065 16.97717287  9.9448727  12.69788338 44.82515029]
}97: [22.46889304 44.49854434 18.35141882 13.66888552 22.68386453 14.40672508]
}98: [15.55970454 44.8297509  10.89400472 15.72316205 22.78989124 17.30690533]
}99: [45.74621312 12.4192465  13.75674316 14.8387306  16.6939065  19.99129377]
100: [45.95221104 13.46758441 23.28660089 17.38111859  9.70579999 20.56619108]
101: [15.20170567 20.88967637 15.25825699 27.59070058 44.26324065 17.90979976]
102: [44.90238577  8.68337558 11.3528748  22.1628938  19.036375   28.03277124]
103: [43.88697992 19.01233495 24.83472211 15.43258108 23.32701701 10.28072006]
104: [44.86086165  7.4738262  17.20232285 15.79549625 13.51759302 23.075883  ]
105: [44.55052909 14.26095289 18.83427403 20.55934803 16.37036452 15.47266281]
106: [45.65333592 17.05902628 12.01200045 16.67746979  4.92204913 11.82157668]
107: [43.79876502 20.52840414 20.29698214 11.76224485 13.03166338 14.8279057 ]
108: [18.43612479 45.18484659 22.90719655 11.41901617 18.3299113  17.94144861]
109: [24.65191643 19.08947368  3.17892146 45.01052251 18.39221946 17.15876826]
110: [43.0724417  20.57481574 27.91889784 14.7512906   8.23492164 19.10827284]
111: [45.06233581 28.21215351 14.44891911 15.90193428 21.11880604 18.20843863]
112: [42.20713198 19.22534407 10.68095841 25.38407287 18.23979992 21.97139982]
113: [19.41496067  2.84618246 11.58679577 12.62965894 12.1907726  45.61985826]
114: [37.506834   11.8742608  12.11510388  2.76811108  6.06073459  8.56663431]
115: [35.68038466 15.72537385 16.09799266 13.23907083 20.69804769 10.64083444]
116: [36.80121102  8.74248752 16.45638597 17.94204502  9.70506281 10.06801203]
117: [14.93940485 14.09092936 14.49467224  7.54974971 13.38476978 35.98122986]
118: [36.75872564 14.17341588 13.63518582 13.51251793  6.34346103 14.19509196]
119: [35.96399993 11.08927164 13.53718586 13.2056521  20.90098749 13.37288847]
120: [16.55268918  1.077      16.50007792 36.64579793 12.44248081  9.32931594]
121: [ 9.81185161 36.23175366 14.68079749  7.56794173 17.10403798 11.51078229]
122: [38.0064974  11.75998545 14.44543264  2.63866946 13.17753639  6.68094132]
123: [35.52576145 18.11992171 19.35949753 13.04988192 14.52123565 13.26438272]
124: [16.75825192  9.20008803 14.3609502  11.3067231   8.05600159 36.20067637]
125: [37.02883675 14.2930872  11.12318205 15.72240378 12.00040795  5.31016575]
126: [18.80286067 12.79889185  3.99212864 37.00231717  7.03480452  8.17087443]
127: [35.5657541  22.48181992  9.32491453  1.95776221 21.4915457   7.16269728]
128: [14.19355707 18.2776546  36.97816422 13.11696829 14.27316713 15.02314731]
129: [38.02144169 11.45524243 11.01197022 16.8504321   3.6383685  14.80492578]
130: [36.45330978 13.71184647 14.52971617 11.63924886  9.85913279 11.33247791]
131: [36.3772024  12.57984094 11.19479141 11.73715523 12.66871479 14.19529511]
132: [35.86935824 11.10108885  6.41855457 13.34453034 14.09307045 14.3208583 ]
133: [14.08812091 14.59318105 20.608404   11.84960458 36.87933902 10.99961509]
134: [36.30085296 16.08335503 18.67136334 14.76211834 12.99055703  7.97487902]
135: [34.81579839  7.56978465 19.32924504  5.39795982 17.62065812 23.32857182]
136: [37.49172268  8.69621473 14.27296783  4.66745745 13.07757907 10.39777344]
137: [35.87105937 12.77530839 15.31535498 14.53131204 13.90453877 16.75297081]
138: [14.62270469  6.34472421 21.71678341 35.49009673 12.02520947 12.99052448]
139: [36.69770524 18.60756079  4.66857855 15.57873623 19.8394112  10.00359701]
140: [35.96068151  3.30026696 10.97207427 18.1224291  18.03750473  8.89208762]
141: [34.23212725 18.55303497 14.78837399 17.32739061 17.61188424 11.31390132]
142: [37.26413222 21.33538704  9.12164459 14.40497053 11.08784028 13.19802249]
143: [12.81491652 19.37477318 15.25669014 15.05298384 14.78711311 34.93484768]
144: [37.25662158 12.39120114 15.65545816  9.4896163  14.35047216 10.02617646]
145: [37.79128312 16.21824481 17.62191648  9.97842628 11.02767475  3.37246563]
146: [ 7.5455512  12.58965661  9.88003585 12.9047527  10.4731975  37.31987625]
147: [10.6365848  15.7049236  37.40379383 19.81793073 12.93253031  9.31059898]
148: [37.36000655 11.1514287  18.99928169  9.00425283 13.49457049 17.90976358]
149: [36.3780608  13.29928722 14.56478524 14.50305766 17.87092972  6.61261477]
150: [16.06357211 13.8883536  37.59465123  8.80164841 10.13528955 17.0088876 ]
151: [36.09431637  5.72655766 20.53012102 19.6106352  12.73496557 11.34631669]
152: [36.89082662 12.09427501  9.72895155 13.29618732  8.66301859 14.88648805]
153: [36.28311895 14.62602611 11.40163675 17.1365543  19.25424062  7.60017629]
154: [35.09443737 12.65730322 10.45038899 14.28261414 22.19856222 14.23968812]
155: [37.28505403  6.94159159 18.40140643  8.16940976  7.40161376 13.92133993]
156: [37.10720603 18.44302756 15.80633359 10.68048818 11.38110238 12.93156689]
157: [37.57582206 10.62033796  9.77057907 10.96191269 11.73732661 13.26120461]
158: [16.25201001 36.7423614   3.6299083  10.12247854 15.76447487 13.10357231]
159: [36.12911147 20.41134841 18.3595498  13.93301452  7.42938962 12.79661367]
160: [36.94084441  9.47361968  9.1571665  16.7797507  14.36452214 15.56713037]
161: [37.3885606  12.53264752  6.92167117 11.2886508  15.32064568 11.84649343]
162: [37.10599282 10.02939177 15.22488597 11.68946316 18.0358037   7.23085164]
163: [37.06684881  5.18369418 20.63265562  9.83165386  4.69452044 14.98323847]
164: [36.14753186 22.21768605  5.35828805 18.60781122 15.40772438  8.40336614]
165: [37.80340478 11.01567431 17.85366353 11.80656267  9.44177151 13.23410159]
166: [13.48069607 10.7310736  14.2790729  36.84992774 15.79656342  9.80932859]
167: [35.84153755 17.08032744  8.54467152  7.94076951 16.63526823 12.09567891]
168: [36.09095429 16.11670536 15.45122274  8.67044901 14.30198691 15.18433921]
169: [36.80400205 19.23887692 24.46921204 24.72912382 19.88814298 11.85793104]
170: [36.73203282  6.03600495 23.99313178  6.92161941  6.20904739  7.41364039]
171: [13.63841182 11.8393391  14.47410235 20.01614371  3.50091637 35.74095202]
172: [48.70579413 12.05547778 18.653069   26.37086513 23.21496952 11.74087985]
173: [47.26925769 26.52083313 14.05086571 23.86775374 18.03396405  9.23272605]
174: [48.33516632 19.15661483 18.52896589 20.86358323 16.24389504 14.92868463]
175: [16.03138062 18.47737335 18.80940631 10.36105216 21.81647836 48.39439434]
176: [48.32143473 17.95535742 26.78407881 18.58970651 15.77745144 23.41659027]
177: [25.10338991 47.98038026 12.24846369 19.512453   14.67110219 16.29338459]
178: [49.63320769  8.68804477 11.59480641 15.20300931 28.90104483 15.65618793]
179: [21.3416033  13.67797627 26.8479282  48.61806159 19.25346779 18.0829279 ]
180: [23.34892825 15.28393643 12.38913806 17.57069778 49.0613589  18.17269824]
181: [13.22811502 49.29240381 16.02167706  8.84849238 22.47681731 13.29724474]
182: [48.12538424 23.6629023   8.64132817 19.35467021 17.44820153 19.32880963]
183: [49.46921124  4.92729622 15.62709163 21.33175035 13.93949008 19.27452429]
184: [48.05937796 15.14185674 17.65691802 14.75879541 27.76378549 26.19774573]
185: [48.85173186 15.16792912 18.79963703 24.5329799   9.66269641 18.75562487]
186: [49.66429278 15.74162709  9.06966691 16.89523018 20.96807524 14.03064757]
187: [21.70890436  7.14571838 12.24838685 48.36312067 20.57027886 21.2763044 ]
188: [48.73684184  9.12998141 10.727862   22.37607449 17.72087021 20.38393603]
189: [20.15159646 15.60388489 49.22584501 13.65456931 17.27445683  5.19389463]
190: [48.16126343 28.60118653  9.63245755 21.898401   16.62044906 22.00470383]
191: [48.58699045  0.         25.35963716 30.0404651  22.65262088  5.46461987]
192: [48.00934195 14.58592692 23.53232028 16.33341747 29.57121925 16.04904925]
193: [23.70229683 48.8689212  17.83643074 25.20143363  9.04467269 15.2572533 ]
194: [48.75896684  4.29182905 16.09032241 25.6611366  17.25243236 17.66253565]
195: [47.96267193 23.69617869 18.51504113 30.4429587   4.29976211  9.96787449]
196: [17.40057851 14.42376494 48.80491098 20.68531309 17.9480995  13.94437624]
197: [49.6605879  13.39224257 12.95532987 12.46532711 16.26297594  9.53561576]
198: [48.35048703 16.55771235 25.55351596 21.27729804 15.21868183 23.76216855]
199: [48.78781494  8.07759555 12.67378705 25.40688762 23.24947641 20.84212673]
200: [19.08935865 27.51309424 14.29691562 48.47456418  6.69888199 13.81366715]
201: [11.61899176 17.37566981 48.95970671 17.1275314  18.53383289 15.58502435]
202: [20.42413542 49.46876684 13.93180482 19.15540558 14.55336594 14.15722074]
203: [ 4.3282557  17.9474215  15.24638738 13.69801093 19.198682   48.96546718]
204: [48.96192122 12.65796664 26.5037811   8.86364667  6.70663266 25.05894763]
205: [24.2561366  24.3422045  21.62552824 17.08084799  4.96092005 47.11115642]
206: [18.40223335 25.92098573 49.41895371  7.37681267 16.89748948 14.31137016]
207: [49.97389413 18.39134527 23.38991778 12.24625678 14.84835252 15.52321702]
208: [20.95701159 17.22057861 16.76396927 15.98770547 49.06087731 12.49406648]
209: [18.10437594  0.         23.44348101 23.85629949 49.93791863 12.18087408]
210: [49.62917437 23.58698278 16.45321618 12.7581793  15.27834744 17.9100911 ]
211: [49.0177936  14.19903928  0.         22.62757512 19.78817556 18.86167001]
212: [19.52430915 17.16439052 48.89314018 24.78158267 10.07973972 19.83200433]
213: [48.09312428 20.07587543 20.32363141 17.81299088 23.26267413 16.66774203]
214: [ 9.22877362 21.48381013 24.06356286 23.67810789 48.19753069 14.52923214]
215: [18.24922804 16.14732294 28.36172891  4.4109303  48.69411232 18.48049496]
216: [47.78147153 20.8546324  21.99675025  9.69042991 25.53669907 20.38780457]
217: [14.86381758 16.8094561  34.01053294 15.02617881  9.17672685  8.67105546]
218: [10.73718145  5.72599933 12.58863126 16.36893685 11.98840071 32.5656089 ]
219: [17.12762109 15.65913211 14.17663125  9.48286433  8.92866057 33.00639179]
220: [34.19164995 14.07334975 10.16404433 11.05013991 15.04823178 14.61156166]
221: [16.3649725  34.26306644 11.62761058  9.10480924 14.2331667  10.62167335]
222: [32.91334646 12.21803663 20.18886687 15.99554069  5.93377396  9.44155584]
223: [15.22049575 11.02229129 34.60340492  6.9446096  20.4752725  12.58290131]
224: [32.82156817 12.51968489 15.51770391  8.11838999 11.86776514  4.45789843]
225: [33.90902047 12.05122084 11.56934686 14.05368445 14.19503769 11.62043427]
226: [ 8.77851163 15.16697551  9.00955158 33.11030997 11.25746277 13.21133145]
227: [ 7.31546685 10.28154721 20.1226642  11.84501637 34.66923257 11.30786872]
228: [13.16560692 17.07027501  7.64372389 18.88504812 16.50788811 32.11061481]
229: [33.75991266 11.47328004 16.94654275 13.97707635 10.57431678  5.21229914]
230: [34.90333022  9.09324187 17.53582175 12.62789979  0.         15.8713413 ]
231: [16.44454466 18.24161607 18.82700649 33.03974718  5.95677956 15.20489925]
232: [34.53172912  6.9615681  13.91962811  9.71875444  4.95748052 16.95218072]
233: [14.14226298 13.96484983 10.26326152  5.03362558 34.94986105 11.80604482]
235: [ 7.73470353 18.77894073 15.21445355 10.62327796 17.57111497 31.67267244]
236: [34.35904909 11.55989108 14.83208227 17.09647852  7.14079542 12.40750469]
237: [13.79914228  2.79504234  6.18839459 34.38012999  7.86699981 12.54556767]
238: [33.49593691  3.99060735 12.23080181 16.93039852 15.71628107  7.78942616]
239: [33.9175654   9.09260904  4.59300902 19.42392268 13.28830006 11.34273736]
240: [17.68298486 11.08777221 18.43612105 34.25139079 12.28366503  4.13241716]
241: [33.6464178  14.11913891  8.13294518 16.59655079 12.43471467  9.94522705]
242: [34.79877907 13.52411075  8.51738872 14.84299332 11.81295116 12.1107539 ]
243: [32.92163486  8.31324134 15.65400652 12.23792854 12.62815826 10.04058824]
244: [ 2.96726147 33.75836096 12.99648374 15.02043481 16.96545865 18.86852132]
245: [34.49045549 14.52938518 12.61640873 11.94906072 17.27080081  0.        ]
246: [13.48827903 16.90259805 17.28071866 33.61835853 13.44488753 14.31707104]
247: [14.71304388 34.33762135  7.76082838 12.4705944  12.59391797  6.46656972]
248: [11.68026118 11.99394177 34.5547617  16.64139864 10.09666018 12.64570729]
249: [ 8.33811261 11.77750568 19.23324539 10.71290557 19.80554782 31.534071  ]
250: [ 4.02501962 10.19846097  8.94421308 12.33594246 36.04220981 16.40050929]
251: [33.12879874 10.89942987 19.9219134  11.62106424 13.38195537  4.02625884]
252: [16.44936417  3.01597484 13.3598155   5.38830268 20.55871259 33.65898204]
253: [ 7.05822804 13.61866191 10.00982657 34.72994288 17.46434404 11.27708094]
254: [34.8853404  14.17180314 17.30826375  9.65203586  2.76782208 13.66897439]
255: [34.00662875 13.21762006 10.37850728 12.1148412  15.58550309 11.22493809]
256: [ 4.36228671 15.0517298   9.84118802 23.91241161 16.94110318 30.91230283]
257: [34.06664213  9.19394638 12.7114696  10.6129103  18.27473811 13.9324864 ]
258: [16.60715804 12.55175881 12.44443255 33.71260613 15.47119706 14.94415017]
259: [33.87736983  7.52436823 13.54160281 15.6979925  17.21492104 11.01794925]
260: [34.49076153 18.45389781 11.77460849 10.35937272 14.45150253 15.41507922]
261: [ 6.82404327  9.84463149 36.21842777 12.02342613 10.74135089 17.41717892]
262: [11.63405673 13.17648564  9.8212037  14.10025087 36.08214614 15.36497273]
263: [30.78535642  8.9256878   9.49976623  8.32387123 13.41466323 15.27568129]
264: [31.55362759 14.12379702  9.58928133  7.39777746  7.42696229  9.37863481]
265: [31.14934472 10.23629073 10.52552388 10.4107946   5.78524288 16.41575807]
266: [31.5570735   6.83674049 10.83961609 12.81318093 10.52356788 12.40666792]
267: [31.3815341  18.07472743  5.46080558 14.36416156  5.70719328 10.00732742]
268: [31.73105622  9.96347736  2.41262737  7.97737561 17.27782532 11.63007846]
269: [29.72472546 14.59092055 15.74858909 12.56345045 19.63357642  8.9165144 ]
270: [30.78864407  8.14291708 13.25146098  4.27626682 12.31851736 14.231064  ]
271: [34.9843284  16.61669945 11.92498941 11.89351261 13.49541721  7.9931586 ]
272: [35.04639332 13.03666823 10.90946888 18.91405197  9.66318721 19.39649968]
273: [13.63239129  9.26940853 36.04917655 15.22538033 16.72968201 13.22903074]
274: [10.81409398 34.42829917 21.25746842 17.84798819 13.58203453 11.76687868]
275: [13.32143693 13.14545874 35.53030761 18.39705709 11.3942831  13.28143607]
276: [30.957717    5.99491641 14.44633493 11.2188188   8.80034747  8.23132061]
277: [30.76608958  5.70602658 10.08727878 10.45775322 14.54137522 14.23007454]
278: [ 9.2959719   9.14946476 33.36766264 15.55569023 16.75119972 13.35247298]
